4896
0.083333336
408.0
-10.8890705
-10.8883095
-10.886724
-10.885563
-10.882189
-10.881749
-10.8786
-10.876739
-10.874454
-10.871407
-10.870151
-10.867573
-10.866569
-10.86313
-10.862127
-10.8601
-10.856059
-10.852288
-10.8485365
-10.845422
-10.840271
-10.837055
-10.831625
-10.825043
-10.820944
-10.816192
-10.809469
-10.80322
-10.798128
-10.792418
-10.785245
-10.779824
-10.775753
-10.771856
-10.767115
-10.759312
-10.756522
-10.751267
-10.747301
-10.743867
-10.739348
-10.734455
-10.729739
-10.725542
-10.719107
-10.713665
-10.710565
-10.706289
-10.699975
-10.69473
-10.690315
-10.685381
-10.681635
-10.676922
-10.671391
-10.668065
-10.66225
-10.657135
-10.65442
-10.65039
-10.646673
-10.644262
-10.641662
-10.639729
-10.634096
-10.632869
-10.630596
-10.62881
-10.626104
-10.623831
-10.6216345
-10.619879
-10.619274
-10.619553
-10.617802
-10.616352
-10.616266
-10.617824
-10.617474
-10.615394
-10.614003
-10.612156
-10.61226
-10.611494
-10.61089
-10.606961
-10.597713
-10.601729
-10.603388
-10.6020975
-10.604449
-10.6037035
-10.603016
-10.602111
-10.602122
-10.601104
-10.598774
-10.597754
-10.597836
-10.597886
-10.597267
-10.599249
-10.598914
-10.599583
-10.600466
-10.600041
-10.598433
-10.597908
-10.59908
-10.597588
-10.597144
-10.597363
-10.5948925
-10.595393
-10.594591
-10.592833
-10.590887
-10.590065
-10.588159
-10.586095
-10.585573
-10.585031
-10.584214
-10.583499
-10.587004
-10.586272
-10.584974
-10.583251
-10.584837
-10.583893
-10.5786
-10.576714
-10.576038
-10.576478
-10.576335
-10.577232
-10.574159
-10.571801
-10.567464
-10.569811
-10.569508
-10.568325
-10.566931
-10.56688
-10.564845
-10.562011
-10.56163
-10.560511
-10.555477
-10.54989
-10.54624
-10.540963
-10.536948
-10.532387
-10.529438
-10.526928
-10.526554
-10.524486
-10.51883
-10.5160675
-10.516031
-10.514384
-10.511172
-10.511631
-10.508128
-10.502558
-10.500533
-10.495524
-10.492524
-10.4915
-10.488448
-10.485638
-10.483141
-10.48072
-10.478064
-10.477182
-10.47127
-10.471425
-10.46771
-10.466983
-10.462751
-10.460773
-10.457034
-10.455839
-10.454796
-10.450779
-10.449277
-10.447891
-10.443574
-10.439914
-10.4348955
-10.430397
-10.424454
-10.426849
-10.424379
-10.420594
-10.414583
-10.4120865
-10.408239
-10.409736
-10.408378
-10.4067135
-10.404792
-10.4011965
-10.400842
-10.40082
-10.393512
-10.391277
-10.388049
-10.389166
-10.388477
-10.388669
-10.388273
-10.388599
-10.386425
-10.384279
-10.383957
-10.386192
-10.386295
-10.385338
-10.383995
-10.383838
-10.385832
-10.388073
-10.387722
-10.389818
-10.388664
-10.390949
-10.387435
-10.385994
-10.385709
-10.389512
-10.390038
-10.39126
-10.390771
-10.393982
-10.399093
-10.400759
-10.403
-10.404425
-10.40707
-10.410839
-10.411444
-10.410113
-10.411983
-10.413678
-10.414844
-10.414979
-10.419281
-10.422165
-10.425059
-10.424913
-10.426211
-10.435613
-10.434581
-10.434815
-10.437224
-10.439452
-10.439092
-10.440542
-10.445645
-10.444386
-10.443428
-10.446378
-10.444992
-10.452411
-10.453148
-10.451283
-10.441888
-10.423749
-10.418681
-10.416461
-10.420435
-10.416927
-10.426211
-10.430432
-10.41152
-10.411568
-10.415267
-10.418493
-10.420486
-10.417515
-10.396828
-10.380682
-10.379895
-10.386689
-10.39479
-10.402791
-10.409232
-10.401839
-10.398912
-10.399499
-10.404734
-10.415175
-10.425759
-10.433207
-10.417168
-10.417032
-10.418139
-10.417839
-10.416247
-10.417056
-10.418498
-10.415919
-10.411516
-10.408165
-10.404132
-10.40148
-10.394541
-10.396892
-10.393269
-10.393643
-10.387511
-10.385761
-10.38344
-10.380453
-10.3787985
-10.375416
-10.376028
-10.374527
-10.375318
-10.373742
-10.371517
-10.370102
-10.36943
-10.369864
-10.3702755
-10.364255
-10.361252
-10.359548
-10.358485
-10.355301
-10.354303
-10.352816
-10.349724
-10.34617
-10.343325
-10.3426695
-10.339958
-10.336408
-10.337138
-10.333984
-10.33201
-10.328699
-10.325904
-10.324479
-10.321842
-10.320388
-10.319988
-10.318797
-10.317691
-10.315421
-10.313666
-10.31345
-10.313466
-10.311321
-10.308847
-10.309377
-10.308052
-10.308823
-10.308065
-10.310607
-10.310343
-10.309549
-10.314036
-10.315576
-10.317076
-10.318919
-10.321332
-10.322799
-10.322001
-10.321634
-10.322647
-10.324573
-10.325566
-10.327294
-10.329268
-10.331312
-10.332058
-10.334604
-10.335145
-10.338738
-10.340394
-10.341986
-10.341781
-10.341197
-10.344618
-10.345098
-10.344735
-10.34783
-10.346828
-10.345895
-10.351609
-10.35734
-10.360138
-10.3674755
-10.367734
-10.372999
-10.378116
-10.380686
-10.38341
-10.3843775
-10.385306
-10.389256
-10.392087
-10.395968
-10.399533
-10.404033
-10.407784
-10.41
-10.411736
-10.417295
-10.418893
-10.422165
-10.42823
-10.430307
-10.432659
-10.43467
-10.437422
-10.440221
-10.441904
-10.441876
-10.446161
-10.447873
-10.449381
-10.456433
-10.457805
-10.460049
-10.452784
-10.453657
-10.455265
-10.457246
-10.461395
-10.4666395
-10.4653015
-10.468926
-10.473567
-10.472569
-10.47719
-10.476553
-10.474329
-10.479113
-10.4842825
-10.480732
-10.477646
-10.480342
-10.48446
-10.482512
-10.479993
-10.480489
-10.480247
-10.480863
-10.483219
-10.482819
-10.485224
-10.485403
-10.485389
-10.485834
-10.488889
-10.492995
-10.488446
-10.491368
-10.49252
-10.491544
-10.495149
-10.499353
-10.502067
-10.505176
-10.505143
-10.5041685
-10.50383
-10.502034
-10.502497
-10.504827
-10.50751
-10.509051
-10.513104
-10.51535
-10.513102
-10.508609
-10.508184
-10.506972
-10.503378
-10.503141
-10.500337
-10.501929
-10.506586
-10.505843
-10.504541
-10.505497
-10.508148
-10.507092
-10.504887
-10.507203
-10.50869
-10.509871
-10.505241
-10.510615
-10.51266
-10.514731
-10.513445
-10.511378
-10.511141
-10.511963
-10.509435
-10.511599
-10.512495
-10.510066
-10.513537
-10.51901
-10.524733
-10.525855
-10.526201
-10.527111
-10.531518
-10.5338
-10.530863
-10.537143
-10.537295
-10.540617
-10.5434
-10.5457735
-10.552899
-10.552375
-10.552824
-10.555542
-10.55771
-10.557379
-10.559456
-10.560962
-10.561585
-10.564342
-10.566033
-10.564492
-10.5695715
-10.573788
-10.5750675
-10.576376
-10.579795
-10.58068
-10.584859
-10.584939
-10.592722
-10.595464
-10.594506
-10.599521
-10.601316
-10.6006365
-10.604624
-10.608186
-10.611862
-10.609247
-10.616956
-10.6153755
-10.618589
-10.624119
-10.625253
-10.627637
-10.630669
-10.632398
-10.633239
-10.635626
-10.637899
-10.638872
-10.642147
-10.643148
-10.646373
-10.646402
-10.650114
-10.651097
-10.650936
-10.652144
-10.655381
-10.6565895
-10.655835
-10.6564455
-10.655494
-10.6549635
-10.655851
-10.657213
-10.65901
-10.658826
-10.6594305
-10.658283
-10.656124
-10.657199
-10.656762
-10.658691
-10.660308
-10.663392
-10.6634
-10.662574
-10.660054
-10.6590395
-10.660391
-10.662051
-10.659266
-10.657759
-10.658318
-10.656145
-10.655903
-10.654792
-10.654168
-10.653551
-10.654455
-10.651678
-10.652184
-10.650025
-10.649555
-10.645849
-10.643472
-10.641342
-10.640886
-10.641149
-10.640714
-10.639975
-10.63944
-10.638466
-10.638334
-10.636044
-10.633775
-10.633046
-10.630775
-10.629649
-10.628248
-10.624277
-10.623481
-10.620811
-10.617876
-10.615943
-10.616113
-10.614846
-10.612622
-10.611093
-10.610557
-10.610292
-10.608439
-10.605552
-10.605245
-10.602684
-10.600669
-10.598904
-10.59829
-10.598094
-10.596826
-10.597478
-10.5973215
-10.597543
-10.59591
-10.595341
-10.595439
-10.595275
-10.596177
-10.5956745
-10.595966
-10.599574
-10.59875
-10.602147
-10.604968
-10.607011
-10.60559
-10.606467
-10.607357
-10.607383
-10.610337
-10.609721
-10.611734
-10.612283
-10.613758
-10.614063
-10.614612
-10.616646
-10.614861
-10.616593
-10.619584
-10.620617
-10.622194
-10.623086
-10.626536
-10.628389
-10.631121
-10.634594
-10.637771
-10.640807
-10.640863
-10.641499
-10.643053
-10.646376
-10.647578
-10.6507015
-10.655769
-10.656568
-10.661062
-10.664469
-10.66682
-10.669366
-10.672492
-10.675436
-10.678216
-10.67975
-10.683601
-10.68667
-10.690412
-10.693085
-10.693872
-10.696827
-10.700777
-10.704757
-10.707396
-10.709131
-10.713531
-10.71579
-10.715927
-10.717254
-10.717445
-10.7209
-10.722016
-10.72686
-10.7297
-10.7338705
-10.737169
-10.739366
-10.739912
-10.743642
-10.747277
-10.7509775
-10.752935
-10.755229
-10.756171
-10.759895
-10.763826
-10.765313
-10.767853
-10.770315
-10.7728615
-10.775661
-10.779401
-10.781152
-10.782662
-10.7867
-10.789144
-10.790699
-10.792485
-10.796037
-10.793916
-10.794379
-10.797233
-10.798926
-10.800343
-10.8014145
-10.803954
-10.806589
-10.810501
-10.813316
-10.816367
-10.816192
-10.820441
-10.823687
-10.824615
-10.826989
-10.829211
-10.830685
-10.83468
-10.832653
-10.836586
-10.8334255
-10.831878
-10.828259
-10.828288
-10.824006
-10.8216305
-10.821515
-10.818287
-10.815942
-10.814035
-10.808732
-10.806756
-10.80543
-10.804315
-10.7986765
-10.797963
-10.797281
-10.794695
-10.792548
-10.789233
-10.784956
-10.786513
-10.784516
-10.781487
-10.780189
-10.780318
-10.78014
-10.777738
-10.77753
-10.775627
-10.776429
-10.775543
-10.774972
-10.773598
-10.77259
-10.772207
-10.772884
-10.771427
-10.77503
-10.77619
-10.771317
-10.772351
-10.772097
-10.771156
-10.775391
-10.772396
-10.774779
-10.773912
-10.773035
-10.774431
-10.772886
-10.773926
-10.776175
-10.776701
-10.776841
-10.775729
-10.777637
-10.775127
-10.776799
-10.7759695
-10.774183
-10.776636
-10.778071
-10.778525
-10.779818
-10.779141
-10.780665
-10.783227
-10.78412
-10.780128
-10.781368
-10.783619
-10.785177
-10.786015
-10.785673
-10.782869
-10.787228
-10.788353
-10.788225
-10.790078
-10.790872
-10.788886
-10.789451
-10.791332
-10.7929945
-10.792859
-10.792788
-10.792913
-10.791521
-10.791401
-10.792441
-10.791888
-10.791001
-10.791752
-10.790121
-10.793857
-10.793694
-10.791322
-10.792525
-10.791773
-10.792753
-10.792974
-10.793202
-10.792823
-10.793929
-10.791832
-10.791024
-10.790723
-10.789589
-10.790741
-10.79197
-10.79066
-10.7901125
-10.789094
-10.789248
-10.78971
-10.790073
-10.786624
-10.784595
-10.782995
-10.782549
-10.78178
-10.780219
-10.780213
-10.78036
-10.776469
-10.7751
-10.773034
-10.771009
-10.770132
-10.769044
-10.768249
-10.767756
-10.765253
-10.765332
-10.763025
-10.760828
-10.758651
-10.753231
-10.746135
-10.741745
-10.737474
-10.737833
-10.736454
-10.736365
-10.733515
-10.731504
-10.730032
-10.729877
-10.729601
-10.728159
-10.72648
-10.7249775
-10.724896
-10.725035
-10.724569
-10.723993
-10.722074
-10.719256
-10.720194
-10.719622
-10.708859
-10.699252
-10.690141
-10.680971
-10.671274
-10.661863
-10.655308
-10.646856
-10.642842
-10.639433
-10.636452
-10.635184
-10.632932
-10.632147
-10.629525
-10.629937
-10.6264925
-10.625194
-10.624664
-10.62376
-10.62261
-10.622236
-10.621897
-10.621214
-10.622277
-10.620201
-10.619557
-10.618045
-10.616158
-10.615365
-10.61444
-10.612868
-10.6135645
-10.612226
-10.611281
-10.610151
-10.611487
-10.61029
-10.611669
-10.610531
-10.61128
-10.610184
-10.610898
-10.613412
-10.613188
-10.615075
-10.614658
-10.613912
-10.613421
-10.613941
-10.615588
-10.615036
-10.616508
-10.617774
-10.617116
-10.616249
-10.618507
-10.619434
-10.620311
-10.621176
-10.623534
-10.625275
-10.623114
-10.624263
-10.625533
-10.626453
-10.629308
-10.629356
-10.631412
-10.634086
-10.632136
-10.634502
-10.6364975
-10.6362295
-10.634245
-10.63272
-10.636026
-10.638191
-10.639277
-10.636273
-10.640959
-10.64236
-10.643249
-10.643581
-10.646797
-10.64684
-10.64895
-10.649825
-10.652042
-10.653326
-10.653928
-10.652832
-10.655646
-10.6575365
-10.657571
-10.658333
-10.652011
-10.648854
-10.65017
-10.650047
-10.653012
-10.654531
-10.655098
-10.659128
-10.66051
-10.664929
-10.670469
-10.671718
-10.671348
-10.673509
-10.676975
-10.682297
-10.685916
-10.686642
-10.688171
-10.69307
-10.6945505
-10.696331
-10.697311
-10.699341
-10.699357
-10.700271
-10.703692
-10.719671
-10.722644
-10.723037
-10.723902
-10.723417
-10.724677
-10.72421
-10.725091
-10.728643
-10.73092
-10.7309885
-10.733787
-10.737354
-10.735057
-10.737418
-10.738882
-10.741458
-10.743008
-10.746573
-10.752683
-10.753491
-10.753384
-10.755657
-10.760619
-10.763153
-10.764995
-10.769418
-10.770924
-10.77312
-10.77584
-10.778418
-10.781718
-10.783993
-10.78799
-10.789897
-10.792816
-10.795167
-10.798223
-10.80149
-10.801988
-10.804776
-10.807994
-10.810788
-10.814443
-10.816775
-10.820829
-10.822394
-10.82248
-10.826285
-10.828396
-10.830347
-10.83346
-10.836755
-10.83856
-10.841434
-10.842359
-10.844924
-10.849027
-10.8493395
-10.85143
-10.853355
-10.849854
-10.849684
-10.852795
-10.85072
-10.851536
-10.850697
-10.8562765
-10.853395
-10.856542
-10.855068
-10.857563
-10.856537
-10.857583
-10.855653
-10.858191
-10.855936
-10.85588
-10.85658
-10.855893
-10.8572
-10.854038
-10.855179
-10.854211
-10.855257
-10.856833
-10.856436
-10.853446
-10.852993
-10.85181
-10.85268
-10.852053
-10.849163
-10.847425
-10.848945
-10.848386
-10.84635
-10.846257
-10.844065
-10.844914
-10.842903
-10.843055
-10.845355
-10.843827
-10.842473
-10.843455
-10.844816
-10.8454075
-10.847378
-10.846621
-10.84647
-10.847008
-10.847805
-10.839478
-10.833159
-10.828559
-10.825628
-10.822495
-10.819687
-10.8194275
-10.818017
-10.814919
-10.813256
-10.816689
-10.817151
-10.817684
-10.816637
-10.816839
-10.818273
-10.817577
-10.816793
-10.8171835
-10.815357
-10.817767
-10.817257
-10.815536
-10.815808
-10.814216
-10.81427
-10.814388
-10.812996
-10.812394
-10.809985
-10.809657
-10.80859
-10.809192
-10.80753
-10.807756
-10.806867
-10.806699
-10.8065605
-10.806061
-10.806379
-10.802759
-10.80265
-10.80195
-10.798749
-10.798174
-10.797059
-10.796735
-10.798337
-10.7966385
-10.795826
-10.793893
-10.795513
-10.796136
-10.795104
-10.793726
-10.793368
-10.791752
-10.795505
-10.798104
-10.801055
-10.802538
-10.804774
-10.807677
-10.809449
-10.811727
-10.814691
-10.818544
-10.820491
-10.821926
-10.822452
-10.824897
-10.828043
-10.830388
-10.832699
-10.836316
-10.837246
-10.840487
-10.840136
-10.843639
-10.845196
-10.8467245
-10.847513
-10.8482065
-10.851582
-10.85396
-10.856049
-10.85588
-10.859201
-10.858555
-10.860798
-10.861257
-10.863836
-10.864247
-10.864443
-10.864295
-10.865057
-10.866701
-10.868122
-10.867519
-10.867687
-10.869929
-10.870793
-10.870387
-10.870936
-10.873292
-10.875938
-10.875355
-10.8775625
-10.877588
-10.877649
-10.877676
-10.87902
-10.880454
-10.881792
-10.882457
-10.879778
-10.874862
-10.872452
-10.868213
-10.867237
-10.870481
-10.872846
-10.87304
-10.872799
-10.874425
-10.876433
-10.877475
-10.878793
-10.879387
-10.879695
-10.879865
-10.879219
-10.879411
-10.879939
-10.883985
-10.885676
-10.883808
-10.886419
-10.887857
-10.887981
-10.891013
-10.893354
-10.896231
-10.898279
-10.898862
-10.902905
-10.903291
-10.905218
-10.905709
-10.906324
-10.9082775
-10.91005
-10.913194
-10.915073
-10.91991
-10.922293
-10.922585
-10.926201
-10.930849
-10.932571
-10.934338
-10.939314
-10.939734
-10.940796
-10.9431505
-10.945834
-10.947182
-10.949159
-10.952561
-10.95649
-10.957144
-10.959247
-10.964051
-10.965119
-10.965803
-10.968256
-10.970464
-10.973168
-10.974099
-10.977449
-10.981032
-10.980881
-10.982392
-10.985258
-10.989197
-10.98406
-10.976238
-10.975959
-10.975204
-10.980457
-10.981106
-10.982562
-10.987613
-10.990005
-10.991409
-10.996951
-11.000938
-11.00526
-11.007206
-11.004927
-11.006886
-11.0110655
-11.014543
-11.016438
-11.018373
-11.021798
-11.024813
-11.028517
-11.033532
-11.0361185
-11.038168
-11.03964
-11.040407
-11.043418
-11.043428
-11.041311
-11.038331
-11.037635
-11.038265
-11.041899
-11.043537
-11.044304
-11.047661
-11.049168
-11.052449
-11.0538845
-11.055634
-11.059189
-11.060502
-11.060825
-11.062691
-11.064307
-11.064458
-11.066259
-11.066127
-11.067767
-11.070343
-11.07119
-11.072096
-11.071644
-11.071389
-11.071948
-11.074712
-11.07521
-11.07457
-11.073514
-11.074056
-11.074444
-11.075081
-11.075082
-11.07613
-11.078906
-11.078632
-11.078022
-11.076831
-11.075331
-11.075861
-11.076726
-11.073348
-11.07456
-11.072983
-11.073013
-11.071837
-11.072866
-11.071615
-11.074234
-11.07294
-11.069562
-11.071256
-11.070205
-11.067952
-11.068259
-11.065405
-11.06363
-11.062399
-11.059019
-11.059028
-11.056815
-11.056637
-11.055372
-11.055559
-11.056233
-11.054226
-11.055237
-11.054164
-11.053248
-11.053002
-11.051021
-11.04912
-11.049709
-11.049118
-11.047978
-11.048529
-11.043699
-11.039018
-11.036121
-11.034733
-11.031683
-11.029421
-11.02727
-11.025939
-11.023169
-11.022095
-11.020971
-11.017948
-11.019202
-11.016354
-11.015701
-11.015861
-11.015062
-11.013278
-11.013294
-11.012356
-11.009898
-11.01001
-11.0082035
-11.008913
-11.009377
-11.008349
-11.00765
-11.007103
-11.004997
-11.0063715
-11.006594
-11.006893
-11.005877
-11.005405
-11.005166
-11.005458
-11.003778
-11.002827
-11.002385
-10.999148
-10.998969
-10.999704
-10.9985285
-10.99832
-10.997131
-10.99689
-10.996671
-10.996035
-10.994609
-10.995478
-10.995729
-10.992795
-10.993396
-10.989746
-10.9902
-10.99114
-10.990092
-10.990813
-10.990602
-10.989895
-10.988678
-10.987093
-10.984909
-10.983526
-10.98427
-10.984884
-10.985115
-10.988625
-10.988748
-10.990472
-10.990606
-10.991628
-10.992837
-10.994174
-10.993344
-10.994461
-10.993115
-10.995313
-10.997931
-10.999682
-11.001615
-11.000288
-11.000893
-11.001002
-11.002093
-11.002431
-10.999962
-10.996674
-10.997263
-10.994406
-10.994066
-10.992635
-10.991545
-10.99012
-10.988968
-10.986984
-10.986222
-10.985819
-10.986934
-10.984609
-10.983734
-10.98413
-10.98062
-10.978671
-10.977869
-10.976858
-10.971085
-10.971463
-10.971283
-10.9700165
-10.97028
-10.967462
-10.967015
-10.964951
-10.965553
-10.962508
-10.963764
-10.96313
-10.961643
-10.95964
-10.95955
-10.958254
-10.955857
-10.955265
-10.954279
-10.956123
-10.954956
-10.953514
-10.953877
-10.950679
-10.949795
-10.94924
-10.947647
-10.9472
-10.945925
-10.947426
-10.947893
-10.947376
-10.950449
-10.948716
-10.948754
-10.952558
-10.949733
-10.951799
-10.953061
-10.95033
-10.949472
-10.952065
-10.953901
-10.954216
-10.959878
-10.964502
-10.965832
-10.966811
-10.968084
-10.970046
-10.972645
-10.974223
-10.97521
-10.976667
-10.977491
-10.978534
-10.978907
-10.980452
-10.982567
-10.984485
-10.986257
-10.988927
-10.989587
-10.990349
-10.990606
-10.99304
-10.993163
-10.995481
-10.99935
-11.003415
-11.005658
-11.008633
-11.009878
-11.013638
-11.016623
-11.019058
-11.021279
-11.026543
-11.029625
-11.034285
-11.039196
-11.043592
-11.048552
-11.051797
-11.057761
-11.061128
-11.062616
-11.06479
-11.06796
-11.072471
-11.074252
-11.079017
-11.083656
-11.085823
-11.086858
-11.090584
-11.091981
-11.094843
-11.097928
-11.1029825
-11.107289
-11.116183
-11.114573
-11.113878
-11.123593
-11.123441
-11.127116
-11.128621
-11.129602
-11.131705
-11.132542
-11.136488
-11.13797
-11.13993
-11.140785
-11.1427555
-11.144011
-11.1447115
-11.144226
-11.147799
-11.145157
-11.148676
-11.1465435
-11.147096
-11.148779
-11.1593485
-11.1531105
-11.153689
-11.153475
-11.159945
-11.154746
-11.153682
-11.152828
-11.154733
-11.155326
-11.1549015
-11.154777
-11.156015
-11.158345
-11.152739
-11.151925
-11.153376
-11.15103
-11.150785
-11.151101
-11.150065
-11.148311
-11.148739
-11.148308
-11.146727
-11.146957
-11.148862
-11.147842
-11.145988
-11.145796
-11.145252
-11.1437645
-11.14348
-11.142523
-11.142769
-11.1417055
-11.139972
-11.13799
-11.136399
-11.135506
-11.134383
-11.13359
-11.131194
-11.128483
-11.128946
-11.126779
-11.126009
-11.124082
-11.120954
-11.1211815
-11.11953
-11.1189995
-11.117427
-11.113907
-11.112229
-11.111132
-11.109844
-11.108969
-11.107081
-11.105645
-11.105991
-11.105288
-11.103301
-11.1023445
-11.101248
-11.098693
-11.099535
-11.098908
-11.097618
-11.0969515
-11.095891
-11.095277
-11.094415
-11.092175
-11.093513
-11.09373
-11.093072
-11.093846
-11.093217
-11.093059
-11.093021
-11.093735
-11.09473
-11.094036
-11.09354
-11.09243
-11.091833
-11.091257
-11.089996
-11.090031
-11.089847
-11.0913725
-11.093679
-11.092883
-11.093036
-11.093976
-11.094063
-11.094646
-11.094026
-11.093825
-11.092552
-11.094669
-11.09406
-11.095776
-11.096095
-11.0977
-11.098802
-11.096469
-11.097033
-11.100332
-11.101149
-11.102071
-11.103195
-11.104192
-11.105201
-11.103258
-11.1041565
-11.1055
-11.107179
-11.106437
-11.107452
-11.110249
-11.109059
-11.107852
-11.108327
-11.107882
-11.106036
-11.106597
-11.107581
-11.107615
-11.10718
-11.107258
-11.106637
-11.10677
-11.106036
-11.106017
-11.105913
-11.103062
-11.101646
-11.100385
-11.100663
-11.098902
-11.099054
-11.098188
-11.096115
-11.096881
-11.09655
-11.097934
-11.096989
-11.096709
-11.094087
-11.090837
-11.091291
-11.090032
-11.08776
-11.086984
-11.082935
-11.079833
-11.078933
-11.075174
-11.073022
-11.070168
-11.071631
-11.070922
-11.06973
-11.067217
-11.065136
-11.062472
-11.057956
-11.057749
-11.056287
-11.054267
-11.052984
-11.051186
-11.049505
-11.046965
-11.044202
-11.043291
-11.04298
-11.043211
-11.0408535
-11.039357
-11.037332
-11.034992
-11.0305805
-11.029144
-11.030561
-11.028143
-11.02706
-11.0238695
-11.020718
-11.019597
-11.020283
-11.017942
-11.01928
-11.017772
-11.017169
-11.016835
-11.017152
-11.015392
-11.014336
-11.0122
-11.009327
-11.009858
-11.007716
-11.00784
-11.007336
-11.006166
-11.0071535
-11.00758
-11.00558
-11.005233
-11.006311
-11.008205
-11.008277
-11.005305
-11.007774
-11.009492
-11.056617
-7.8578467
-11.263749
-11.269536
-11.2704315
-11.268985
-11.265761
-11.268369
-11.26715
-11.266849
-11.263171
-11.272594
-11.274132
-11.27479
-11.272777
-11.271779
-11.270465
-11.26769
-11.267695
-11.269263
-11.276615
-11.276988
-11.278461
-11.277466
-11.2790365
-11.281556
-11.282605
-11.283618
-11.286647
-11.291067
-11.291978
-11.298467
-11.315172
-11.343246
-11.370626
-11.40374
-11.436779
-11.459964
-11.478383
-11.495879
-11.51336
-11.528704
-11.542837
-11.557349
-11.571048
-11.583755
-11.592966
-11.6028595
-11.613533
-11.622474
-11.63033
-11.640116
-11.648127
-11.65409
-11.662642
-11.669901
-11.676685
-11.684542
-11.692633
-11.7005825
-11.707764
-11.714161
-11.71983
-11.72532
-11.730888
-11.750148
-11.7604265
-11.765493
-11.773433
-11.776688
-11.781155
-11.7853565
-11.789693
-11.793176
-11.796617
-11.801215
-11.803189
-11.805156
-11.809409
-11.811599
-11.813271
-11.814217
-11.8176155
-11.819049
-11.820677
-11.823362
-11.823434
-11.825471
-11.827461
-11.828763
-11.830008
-11.830152
-11.831519
-11.83181
-11.830438
-11.846508
-11.845186
-11.844361
-11.844208
-11.84339
-11.843127
-11.8416195
-11.840846
-11.840732
-11.8390665
-11.839067
-11.836499
-11.834521
-11.833841
-11.832335
-11.830761
-11.829276
-11.829838
-11.829117
-11.825275
-11.823605
-11.822963
-11.821717
-11.821621
-11.820794
-11.820346
-11.8187895
-11.8315
-11.830406
-11.836539
-11.836356
-11.836828
-11.835204
-11.834672
-11.833239
-11.82376
-11.82436
-11.828557
-11.828559
-11.826497
-11.826584
-11.823612
-11.81879
-11.817326
-11.817158
-11.816973
-11.813323
-11.812924
-11.812454
-11.827881
-11.8291
-11.829655
-11.82886
-11.830603
-11.832288
-11.832677
-11.832192
-11.833482
-11.8341
-11.8350935
-11.834673
-11.834733
-11.832762
-11.833336
-11.83281
-11.832231
-11.829805
-11.830592
-11.831535
-11.831047
-11.831199
-11.830684
-11.829392
-11.828856
-11.829077
-11.827626
-11.828126
-11.829736
-11.829307
-11.82924
-11.828625
-11.827854
-11.828729
-11.828737
-11.830091
-11.829601
-11.832952
-11.832961
-11.834813
-11.835012
-11.836159
-11.836766
-11.835644
-11.835846
-11.83617
-11.838217
-11.838918
-11.837789
-11.840649
-11.840161
-11.840884
-11.839839
-11.840262
-11.841285
-11.841923
-11.842955
-11.843679
-11.843249
-11.842981
-11.843926
-11.843929
-11.843354
-11.843095
-11.84335
-11.8443
-11.844421
-11.844027
-11.841856
-11.841962
-11.84284
-11.841332
-11.838875
-11.837504
-11.839689
-11.8395605
-11.840648
-11.83923
-11.838419
-11.83599
-11.833829
-11.831145
-11.830715
-11.832239
-11.829704
-11.826328
-11.825776
-11.824045
-11.8224745
-11.8218975
-11.822101
-11.819754
-11.817436
-11.81818
-11.817461
-11.81526
-11.813217
-11.811171
-11.806678
-11.80567
-11.802995
-11.798769
-11.7995205
-11.797318
-11.798211
-11.795079
-11.789988
-11.787013
-11.7878275
-11.783918
-11.783337
-11.783762
-11.782314
-11.779271
-11.778976
-11.776168
-11.773702
-11.771303
-11.766069
-11.765775
-11.765865
-11.763896
-11.763049
-11.761802
-11.760645
-11.7593355
-11.75736
-11.747379
-11.743512
-11.624327
-11.646517
-11.631665
-11.607616
-11.596
-11.587782
-11.573261
-11.562505
-11.556455
-11.553925
-11.551841
-11.549147
-11.545645
-11.543101
-11.539957
-11.549081
-11.547617
-11.545376
-11.545743
-11.544693
-11.54501
-11.54272
-11.540576
-11.538865
-11.53783
-11.535434
-11.534537
-11.53674
-11.538303
-11.538523
-11.54071
-11.542384
-11.542373
-11.544277
-11.548657
-11.551116
-11.5541935
-11.558678
-11.559282
-11.562378
-11.567214
-11.568119
-11.573274
-11.5758295
-11.579965
-11.5801
-11.583012
-11.586513
-11.590096
-11.593627
-11.597454
-11.600725
-11.605061
-11.608755
-11.611185
-11.616015
-11.620844
-11.623746
-11.628584
-11.632933
-11.63548
-11.640567
-11.643253
-11.6479845
-11.651765
-11.653408
-11.658737
-11.659735
-11.663798
-11.666948
-11.670246
-11.673454
-11.676365
-11.6796665
-11.682238
-11.683179
-11.685443
-11.689513
-11.694143
-11.695058
-11.6987915
-11.699969
-11.703714
-11.705667
-11.707842
-11.710478
-11.712469
-11.713509
-11.715891
-11.716211
-11.717361
-11.718612
-11.719514
-11.71961
-11.720739
-11.720182
-11.718046
-11.718206
-11.718403
-11.719143
-11.715716
-11.708818
-11.704139
-11.70212
-11.704669
-11.701976
-11.700038
-11.697866
-11.697706
-11.701307
-11.705024
-11.703796
-11.702188
-11.699396
-11.697913
-11.695753
-11.69449
-11.694436
-11.693858
-11.693261
-11.691732
-11.687613
-11.684499
-11.682463
-11.680734
-11.678206
-11.67645
-11.675477
-11.675232
-11.672989
-11.670962
-11.667964
-11.666863
-11.66365
-11.660588
-11.662007
-11.659774
-11.658195
-11.656117
-11.652952
-11.6524105
-11.652469
-11.650921
-11.643167
-11.641513
-11.639824
-11.638084
-11.636235
-11.634562
-11.633169
-11.631058
-11.629214
-11.627543
-11.624495
-11.623385
-11.619505
-11.612458
-11.605957
-11.60563
-11.608312
-11.607962
-11.610508
-11.610224
-11.607733
-11.608553
-11.605229
-11.603332
-11.603875
-11.604301
-11.603801
-11.604446
-11.606389
-11.60761
-11.606866
-11.6068
-11.608095
-11.61103
-11.611705
-11.61298
-11.613028
-11.614949
-11.617304
-11.618642
-11.620361
-11.622374
-11.6213455
-11.621982
-11.6221485
-11.619931
-11.620115
-11.621505
-11.62625
-11.628516
-11.630672
-11.631883
-11.635036
-11.634142
-11.635358
-11.63727
-11.640514
-11.64467
-11.647455
-11.6509905
-11.652669
-11.655233
-11.659538
-11.662948
-11.666622
-11.667618
-11.667401
-11.664889
-11.660957
-11.660155
-11.660946
-11.665903
-11.669508
-11.670679
-11.672658
-11.674758
-11.674105
-11.673903
-11.678117
-11.681342
-11.681767
-11.680335
-11.679391
-11.673335
-11.674074
-11.673298
-11.678836
-11.680358
-11.682816
-11.683569
-11.68307
-11.683367
-11.6860285
-11.688722
-11.688721
-11.688269
-11.690908
-11.692721
-11.691813
-11.690469
-11.687606
-11.688041
-11.687151
-11.68581
-11.684608
-11.681494
-11.683135
-11.682068
-11.679347
-11.676867
-11.675524
-11.674428
-11.672947
-11.670997
-11.669442
-11.665597
-11.665442
-11.665899
-11.663407
-11.660372
-11.656508
-11.655676
-11.653758
-11.651581
-11.649054
-11.646669
-11.644402
-11.641436
-11.641607
-11.638027
-11.63546
-11.63323
-11.630934
-11.629097
-11.626709
-11.62466
-11.621234
-11.62104
-11.618918
-11.615979
-11.613533
-11.61127
-11.608434
-11.606946
-11.603914
-11.599628
-11.596542
-11.596233
-11.595012
-11.592121
-11.590942
-11.589901
-11.588494
-11.588907
-11.588599
-11.591014
-11.587211
-11.585316
-11.589197
-11.588566
-11.586872
-11.5878105
-11.587773
-11.5929165
-11.594531
-11.596049
-11.593123
-11.587282
-11.58797
-11.589207
-11.591735
-11.594378
-11.599673
-11.600268
-11.601588
-11.602888
-11.605363
-11.608594
-11.612304
-11.611866
-11.615161
-11.61744
-11.621445
-11.624617
-11.620329
-11.6164665
-11.620639
-11.624698
-11.629095
-11.632636
-11.638727
-11.645363
-11.649875
-11.65352
-11.658393
-11.663396
-11.668341
-11.673149
-11.677844
-11.6819
-11.686367
-11.694574
-11.698577
-11.703922
-11.70933
-11.716606
-11.723137
-11.723733
-11.731204
-11.738995
-11.744221
-11.749954
-11.757253
-11.761835
-11.767725
-11.774125
-11.78069
-11.785204
-11.790026
-11.795179
-11.797097
-11.803323
-11.808947
-11.811393
-11.817543
-11.820572
-11.823431
-11.825562
-11.829477
-11.83413
-11.838883
-11.841177
-11.845686
-11.84994
-11.852857
-11.856075
-11.857073
-11.859416
-11.863799
-11.864536
-11.867531
-11.869785
-11.872324
-11.875206
-11.875648
-11.875535
-11.875939
-11.878175
-11.877735
-11.880001
-11.879396
-11.879549
-11.879336
-11.878761
-11.878523
-11.877904
-11.876683
-11.877157
-11.878303
-11.876534
-11.875873
-11.875809
-11.876865
-11.874955
-11.873542
-11.872892
-11.871108
-11.868402
-11.867945
-11.866886
-11.86601
-11.863413
-11.862824
-11.8609495
-11.859591
-11.833389
-11.827164
-11.826701
-11.824274
-11.822316
-11.820352
-11.817481
-11.815823
-11.81357
-11.8098755
-11.807227
-11.805452
-11.803438
-11.80358
-11.802339
-11.798106
-11.796511
-11.793342
-11.789342
-11.787991
-11.78639
-11.785321
-11.784255
-11.783207
-11.780958
-11.778722
-11.77535
-11.777254
-11.776909
-11.77377
-11.770611
-11.769195
-11.767607
-11.765657
-11.76386
-11.762144
-11.763333
-11.763256
-11.762381
-11.7624035
-11.762814
-11.763026
-11.758719
-11.758035
-11.759707
-11.760856
-11.757136
-11.763294
-11.76402
-11.766595
-11.770447
-11.772013
-11.773514
-11.775914
-11.766242
-11.764802
-11.768298
-11.769031
-11.771908
-11.776759
-11.780033
-11.781071
-11.785236
-11.788318
-11.79248
-11.796117
-11.801106
-11.805167
-11.806834
-11.80815
-11.811375
-11.813899
-11.818857
-11.822649
-11.824775
-11.827517
-11.831585
-11.835475
-11.840444
-11.844421
-11.848118
-11.851475
-11.85509
-11.85799
-11.863721
-11.86461
-11.869714
-11.872782
-11.873154
-11.877179
-11.879939
-11.883723
-11.887827
-11.891805
-11.893867
-11.896745
-11.897856
-11.900942
-11.901691
-11.902628
-11.90365
-11.907457
-11.907984
-11.909054
-11.913463
-11.91638
-11.919227
-11.920422
-11.922426
-11.924974
-11.923835
-11.924064
-11.92555
-11.928545
-11.928567
-11.92767
-11.927694
-11.926264
-11.926752
-11.925679
-11.925897
-11.922927
-11.923359
-11.924959
-11.921937
-11.920832
-11.926836
-11.92659
-11.924236
-11.922706
-11.922106
-11.920948
-11.919769
-11.916389
-11.914136
-11.913971
-11.912156
-11.909842
-11.908567
-11.909384
-11.905469
-11.902723
-11.898601
-11.899861
-11.89692
-11.893693
-11.892187
-11.890395
-11.888469
-11.885307
-11.882037
-11.882516
-11.878087
-11.872863
-11.871108
-11.8679085
-11.866052
-11.866198
-11.863815
-11.861181
-11.860347
-11.860072
-11.858469
-11.856503
-11.854991
-11.85565
-11.853746
-11.853127
-11.852062
-11.851013
-11.849364
-11.848869
-11.849138
-11.851275
-11.849872
-11.850085
-11.849356
-11.850644
-11.852751
-11.852335
-11.850858
-11.850165
-11.852327
-11.853442
-11.855007
-11.857175
-11.85829
-11.859702
-11.860888
-11.8673115
-11.871632
-11.878635
-11.885646
-11.888205
-11.895695
-11.901898
-11.907519
-11.911385
-11.918919
-11.924681
-11.929833
-11.934686
-11.938873
-11.943577
-11.950368
-11.953139
-11.958116
-11.964027
-11.970605
-11.976461
-11.981937
-11.988852
-11.993446
-12.000635
-12.005524
-12.013076
-12.017415
-12.024135
-12.031151
-12.038107
-12.043289
-12.048991
-12.054783
-12.06148
-12.068362
-12.074197
-12.082625
-12.088479
-12.096286
-12.102654
-12.108082
-12.114821
-12.1213045
-12.129408
-12.13566
-12.140608
-12.145542
-12.14933
-12.156024
-12.161349
-12.16572
-12.170667
-12.176025
-12.181596
-12.18583
-12.190916
-12.195639
-12.199982
-12.2003145
-12.19109
-12.178009
-12.172055
-12.173206
-12.176524
-12.17866
-12.180265
-12.182447
-12.184802
-12.18599
-12.182695
-12.180122
-12.1781435
-12.176694
-12.175095
-12.174814
-12.177245
-12.177997
-12.17967
-12.182398
-12.183403
-12.184645
-12.185117
-12.186936
-12.186835
-12.18724
-12.187129
-12.188312
-12.189385
-12.189495
-12.187899
-12.186666
-12.186512
-12.186849
-12.18786
-12.186626
-12.186272
-12.1859455
-12.185568
-12.184851
-12.183114
-12.184549
-12.182989
-12.181973
-12.180674
-12.179819
-12.177451
-12.177527
-12.176732
-12.174642
-12.173624
-12.17213
-12.170631
-12.170404
-12.169816
-12.1688175
-12.166456
-12.164691
-12.163056
-12.161702
-12.159456
-12.15743
-12.155115
-12.1523
-12.151227
-12.149037
-12.148033
-12.146382
-12.147439
-12.145702
-12.1458645
-12.144725
-12.141891
-12.139838
-12.138408
-12.138
-12.134919
-12.135236
-12.135899
-12.135459
-12.134868
-12.133668
-12.1354685
-12.135382
-12.135075
-12.135528
-12.135972
-12.134278
-12.137577
-12.1383095
-12.139903
-12.139815
-12.140228
-12.143351
-12.143446
-12.145024
-12.147043
-12.150585
-12.152279
-12.154052
-12.155981
-12.159495
-12.162383
-12.164097
-12.165871
-12.170261
-12.172432
-12.176378
-12.179434
-12.182994
-12.186855
-12.189167
-12.194588
-12.197646
-12.201397
-12.207262
-12.209292
-12.21068
-12.214071
-12.216732
-12.222182
-12.227736
-12.231586
-12.231509
-12.23463
-12.238668
-12.241688
-12.243076
-12.245341
-12.2482195
-12.249987
-12.25001
-12.251174
-12.252488
-12.25464
-12.25709
-12.258203
-12.260649
-12.261939
-12.264051
-12.265525
-12.26824
-12.270367
-12.271896
-12.273007
-12.275644
-12.276325
-12.2769375
-12.281114
-12.283624
-12.283624
-12.287151
-12.287488
-12.287126
-12.28835
-12.288146
-12.289149
-12.290421
-12.291282
-12.2905855
-12.290724
-12.291732
-12.291587
-12.291776
-12.294218
-12.29357
-12.294135
-12.292903
-12.2960005
-12.2943125
-12.2929325
-12.292166
-12.291537
-12.288912
-12.289789
-12.288026
-12.284367
-12.283998
-12.28513
-12.279104
-12.278576
-12.277341
-12.273677
-12.270894
-12.267421
-12.267904
-12.26618
-12.263791
-12.261205
-12.2590275
-12.255923
-12.255328
-12.252899
-12.249151
-12.246851
-12.24654
-12.243114
-12.240291
-12.238782
-12.237662
-12.2336645
-12.230714
-12.228521
-12.225801
-12.224226
-12.223123
-12.21692
-12.216662
-12.217936
-12.222129
-12.226079
-12.2264595
-12.2294235
-12.232403
-12.234253
-12.234945
-12.235998
-12.236926
-12.236886
-12.241373
-12.240076
-12.240221
-12.24192
-12.2412615
-12.244058
-12.245746
-12.247537
-12.247952
-12.249927
-12.253264
-12.253656
-12.256047
-12.260143
-12.263375
-12.269366
-12.270612
-12.269135
-12.270423
-12.276167
-12.281214
-12.281899
-12.287501
-12.288268
-12.289154
-12.289925
-12.295419
-12.2967
-12.297294
-12.29989
-12.300837
-12.302929
-12.307409
-12.310527
-12.314201
-12.315591
-12.320083
-12.322431
-12.326691
-12.330145
-12.336133
-12.339951
-12.347447
-12.352481
-12.356579
-12.362039
-12.366756
-12.371811
-12.376206
-12.382243
-12.387961
-12.391868
-12.398137
-12.400277
-12.406542
-12.413145
-12.4176
-12.42162
-12.428887
-12.431711
-12.436001
-12.440011
-12.446843
-12.451898
-12.450181
-12.453718
-12.456384
-12.46156
-12.465444
-12.46759
-12.466409
-12.468808
-12.470506
-12.477717
-12.478673
-12.476915
-12.476295
-12.478471
-12.479548
-12.4771385
-12.472601
-12.479859
-12.477087
-12.476019
-12.476184
-12.481025
-12.482757
-12.482564
-12.479015
-12.480681
-12.479484
-12.478677
-12.479487
-12.478098
-12.479864
-12.482562
-12.482661
-12.482917
-12.480696
-12.479079
-12.476028
-12.472361
-12.47285
-12.469584
-12.461076
-12.461844
-12.462591
-12.466285
-12.463937
-12.461806
-12.458276
-12.455553
-12.445911
-12.433787
-12.443751
-12.441884
-12.440537
-12.4361105
-12.437926
-12.433344
-12.4301
-12.427021
-12.4234085
-12.419637
-12.416864
-12.411374
-12.409633
-12.409303
-12.404839
-12.401926
-12.399241
-12.398077
-12.394999
-12.388272
-12.38672
-12.377476
-12.371671
-12.3667345
-12.362824
-12.360985
-12.358138
-12.354132
-12.351481
-12.350753
-12.347818
-12.348735
-12.347085
-12.344377
-12.343262
-12.342765
-12.3400755
-12.338847
-12.337982
-12.3370285
-12.336932
-12.3377285
-12.337298
-12.336124
-12.337641
-12.336492
-12.334962
-12.335866
-12.334984
-12.335789
-12.337712
-12.336416
-12.337178
-12.339072
-12.341427
-12.342646
-12.343681
-12.345249
-12.345994
-12.347643
-12.348682
-12.351599
-12.353325
-12.357379
-12.3601265
-12.363749
-12.366484
-12.367068
-12.370621
-12.373581
-12.376376
-12.3789
-12.382593
-12.383893
-12.387672
-12.391638
-12.394295
-12.397801
-12.40202
-12.405816
-12.409071
-12.413498
-12.416477
-12.418259
-12.421225
-12.424558
-12.427903
-12.431225
-12.436498
-12.439714
-12.443019
-12.447436
-12.450032
-12.451524
-12.454975
-12.457233
-12.462602
-12.466484
-12.470301
-12.473799
-12.4756975
-12.481545
-12.483887
-12.488249
-12.4904585
-12.49334
-12.49433
-12.49807
-12.499781
-12.502678
-12.503432
-12.506165
-12.505713
-12.508188
-12.5088215
-12.510536
-12.511881
-12.512302
-12.515303
-12.515269
-12.516952
-12.518279
-12.520219
-12.519076
-12.519246
-12.519248
-12.52031
-12.518283
-12.519271
-12.51877
-12.51769
-12.516156
-12.5150795
-12.513466
-12.51075
-12.508716
-12.506969
-12.504127
-12.500837
-12.499762
-12.496527
-12.497288
-12.493537
-12.490977
-12.487934
-12.485533
-12.484093
-12.479434
-12.478525
-12.47477
-12.471475
-12.469147
-12.465889
-12.462947
-12.45981
-12.457223
-12.454047
-12.452261
-12.450466
-12.450221
-12.449261
-12.44794
-12.44727
-12.448591
-12.447081
-12.445781
-12.446672
-12.445681
-12.446281
-12.446817
-12.444854
-12.445139
-12.446403
-12.447512
-12.450537
-12.451379
-12.45535
-12.4538965
-12.462754
-12.462464
-12.464842
-12.461932
-12.4644375
-12.4665
-12.467638
-12.471445
-12.472734
-12.477881
-12.482422
-12.48753
-12.489023
-12.490562
-12.490347
-12.49377
-12.494651
-12.498508
-12.502299
-12.508906
-12.51201
-12.517283
-12.523694
-12.523844
-12.529207
-12.534897
-12.536351
-12.5391655
-12.543989
-12.548957
-12.551855
-12.557355
-12.564308
-12.567652
-12.57371
-12.579595
-12.583655
-12.59072
-12.593841
-12.599283
-12.606405
-12.609618
-12.614933
-12.6199665
-12.623755
-12.6311455
-12.632248
-12.63519
-12.641386
-12.643049
-12.647597
-12.650929
-12.654659
-12.661522
-12.659861
-12.670695
-12.669089
-12.675778
-12.676045
-12.681442
-12.689587
-12.695968
-12.696261
-12.700914
-12.699701
-12.700773
-12.705704
-12.710003
-12.71206
-12.716636
-12.722583
-12.724809
-12.72585
-12.724067
-12.729325
-12.729574
-12.735134
-12.73294
-12.73517
-12.740685
-12.739101
-12.742094
-12.745361
-12.745676
-12.748646
-12.74872
-12.727156
-12.706586
-12.681858
-12.674388
-12.657606
-12.64323
-12.631528
-12.621315
-12.609513
-12.601078
-12.591611
-12.579951
-12.570736
-12.563365
-12.555124
-12.546067
-12.5400915
-12.532408
-12.525227
-12.518409
-12.509368
-12.50365
-12.493812
-12.485891
-12.478278
-12.473581
-12.465232
-12.458077
-12.452446
-12.446624
-12.440941
-12.433291
-12.427192
-12.42053
-12.411825
-12.406386
-12.399844
-12.393096
-12.388248
-12.380519
-12.373209
-12.367926
-12.362019
-12.357434
-12.351009
-12.345759
-12.339313
-12.332021
-12.328458
-12.322858
-12.318951
-12.311511
-12.3082905
-12.3021145
-12.296342
-12.29269
-12.2885275
-12.285173
-12.28202
-12.277354
-12.27236
-12.268183
-12.263658
-12.260381
-12.257827
-12.253831
-12.250665
-12.24749
-12.243913
-12.242004
-12.2393465
-12.237274
-12.234488
-12.234004
-12.231185
-12.230451
-12.228943
-12.229569
-12.227332
-12.227807
-12.224336
-12.224849
-12.225713
-12.22439
-12.22419
-12.223474
-12.223487
-12.224682
-12.223836
-12.22354
-12.224072
-12.223811
-12.224376
-12.227617
-12.228663
-12.23013
-12.230655
-12.23257
-12.235923
-12.238068
-12.240696
-12.240797
-12.241782
-12.244552
-12.246749
-12.248789
-12.250324
-12.2507925
-12.252192
-12.253071
-12.254093
-12.255658
-12.256701
-12.258475
-12.261944
-12.265498
-12.268816
-12.270038
-12.27009
-12.271879
-12.275168
-12.279493
-12.279798
-12.283525
-12.284578
-12.287507
-12.289771
-12.291284
-12.292643
-12.296294
-12.299075
-12.30113
-12.303248
-12.302183
-12.303891
-12.305825
-12.306868
-12.306645
-12.306569
-12.308004
-12.310028
-12.310755
-12.310297
-12.311298
-12.309902
-12.309345
-12.307561
-12.307956
-12.308419
-12.307148
-12.306809
-12.307465
-12.307634
-12.308203
-12.308047
-12.305492
-12.303324
-12.301181
-12.29852
-12.295292
-12.29396
-12.292886
-12.289337
-12.287223
-12.285262
-12.284227
-12.280523
-12.277623
-12.275195
-12.27356
-12.268469
-12.266126
-12.261887
-12.259975
-12.257579
-12.253764
-12.2506
-12.24721
-12.244972
-12.242602
-12.239902
-12.238421
-12.235091
-12.232514
-12.22982
-12.226232
-12.221866
-12.218168
-12.215265
-12.216861
-12.21193
-12.208386
-12.210268
-12.202339
-12.190721
-12.162631
-12.150355
-12.1362
-12.119084
-12.105224
-12.098075
-12.092085
-12.08368
-12.077281
-12.06966
-12.063284
-12.057718
-12.050335
-12.04566
-12.038278
-12.030438
-12.026914
-12.022308
-12.016559
-12.009778
-12.005707
-12.001401
-11.997084
-11.990924
-11.986478
-11.983798
-11.979573
-11.975599
-11.972394
-11.96942
-11.963491
-11.9597
-11.9568205
-11.954228
-11.951315
-11.948936
-11.948801
-11.943959
-11.941724
-11.938376
-11.934744
-11.934809
-11.933199
-11.933307
-11.933784
-11.932242
-11.929438
-11.9289875
-11.92845
-11.929841
-11.930232
-11.929813
-11.928336
-11.929331
-11.927782
-11.93003
-11.929034
-11.930095
-11.931502
-11.930914
-11.934015
-11.930857
-11.936062
-11.932396
-11.93356
-11.934971
-11.934955
-11.937427
-11.940458
-11.939215
-11.94236
-11.942542
-11.943648
-11.943239
-11.944016
-11.949575
-11.945275
-11.947809
-11.94937
-11.950486
-11.949743
-11.950385
-11.952074
-11.952444
-11.9525175
-11.951017
-11.953206
-11.954232
-11.9540615
-11.951806
-11.950551
-11.94842
-11.948341
-11.9472065
-11.944196
-11.9431305
-11.940765
-11.939493
-11.939078
-11.936486
-11.933236
-11.932487
-11.930701
-11.928246
-11.925801
-11.923998
-11.921749
-11.920164
-11.917577
-11.914801
-11.914737
-11.908424
-11.906069
-11.902828
-11.900257
-11.896442
-11.892849
-11.890372
-11.8845005
-11.880809
-11.876261
-11.874002
-11.870688
-11.867979
-11.863649
-11.857658
-11.852869
-11.848034
-11.845403
-11.8402815
-11.836441
-11.828901
-11.823923
-11.819867
-11.817516
-11.814008
-11.807153
-11.803838
-11.799098
-11.792774
-11.789553
-11.784185
-11.780074
-11.777444
-11.775874
-11.771422
-11.765636
-11.763228
-11.758753
-11.755473
-11.750627
-11.7460575
-11.742758
-11.737517
-11.735474
-11.731659
-11.728959
-11.726474
-11.725238
-11.722702
-11.718565
-11.716825
-11.711803
-11.70743
-11.70522
-11.702827
-11.700547
-11.697723
-11.695484
-11.6911
-11.6872835
-11.686498
-11.684541
-11.6835985
-11.683189
-11.682876
-11.68007
-11.679853
-11.678424
-11.678265
-11.678251
-11.676296
-11.670686
-11.671191
-11.673851
-11.676495
-11.67122
-11.671372
-11.673044
-11.674432
-11.673301
-11.675829
-11.676322
-11.676344
-11.677708
-11.678823
-11.677541
-11.678931
-11.679153
-11.680857
-11.681449
-11.681113
-11.682358
-11.683208
-11.683978
-11.683494
-11.685767
-11.686737
-11.687927
-11.688739
-11.690968
-11.695234
-11.695893
-11.697812
-11.700385
-11.701481
-11.702062
-11.703106
-11.706431
-11.708211
-11.708113
-11.709956
-11.712753
-11.714282
-11.71734
-11.718632
-11.718687
-11.720785
-11.722798
-11.722308
-11.725478
-11.726718
-11.724964
-11.727535
-11.726616
-11.726154
-11.725185
-11.725095
-11.724677
-11.725153
-11.72265
-11.7223625
-11.722682
-11.722076
-11.720621
-11.721158
-11.720007
-11.720141
-11.717386
-11.716313
-11.716382
-11.716465
-11.715759
-11.715178
-11.712789
-11.711144
-11.708776
-11.707382
-11.705272
-11.7045965
-11.704273
-11.700661
-11.697162
-11.697275
-11.693766
-11.692379
-11.691157
-11.686249
-11.685093
-11.684134
-11.679739
-11.677291
-11.67588
-11.673071
-11.669588
-11.664114
-11.662898
-11.659399
-11.656467
-11.652756
-11.651249
-11.647348
-11.645108
-11.644082
-11.641624
-11.64029
-11.634391
-11.632512
-11.627899
-11.625036
-11.621305
-11.618223
-11.613531
-11.609014
-11.60931
-11.60472
-11.601623
-11.601549
-11.5986395
-11.59425
-11.59318
-11.588585
-11.586056
-11.587081
-11.585528
-11.584372
-11.583535
-11.582881
-11.584517
-11.585687
-11.585973
-11.5848055
-11.580649
-11.580003
-11.578201
-11.577855
-11.576233
-11.576199
-11.575123
-11.575217
-11.573345
-11.57134
-11.570991
-11.569825
-11.571614
-11.572349
-11.570126
-11.568942
-11.572039
-11.569506
-11.5702505
-11.572241
-11.573129
-11.572554
-11.575996
-11.578445
-11.581103
-11.584757
-11.59013
-11.596815
-11.601032
-11.608215
-11.61442
-11.620763
-11.623321
-11.631615
-11.633974
-11.640681
-11.648507
-11.655157
-11.661139
-11.663068
-11.67047
-11.675382
-11.680471
-11.690561
-11.688463
-11.700493
-11.696659
-11.70653
-11.711942
-11.711959
-11.718918
-11.723284
-11.727388
-11.729131
-11.733443
-11.737564
-11.740865
-11.743834
-11.7477665
-11.751761
-11.754566
-11.75714
-11.759524
-11.763258
-11.765496
-11.769093
-11.773336
-11.774381
-11.777136
-11.778339
-11.781229
-11.781737
-11.784259
-11.787689
-11.790355
-11.7924595
-11.795154
-11.793743
-11.795036
-11.796498
-11.797799
-11.798587
-11.799308
-11.801147
-11.799787
-11.801181
-11.79947
-11.800177
-11.798903
-11.798857
-11.798081
-11.798041
-11.796863
-11.796829
-11.795792
-11.793123
-11.794545
-11.794127
-11.791547
-11.7923355
-11.79179
-11.790085
-11.788603
-11.786771
-11.785619
-11.783227
-11.780437
-11.7804985
-11.778316
-11.775507
-11.774274
-11.77172
-11.770818
-11.766823
-11.766075
-11.762241
-11.760908
-11.759176
-11.755477
-11.753536
-11.751524
-11.748755
-11.74721
-11.744657
-11.742388
-11.73811
-11.735735
-11.7340145
-11.733268
-11.732832
-11.729537
-11.728611
-11.725148
-11.723412
-11.723008
-11.722934
-11.722054
-11.718829
-11.716586
-11.715041
-11.715758
-11.714881
-11.713841
-11.712605
-11.711108
-11.709633
-11.712516
-11.7121
-11.711698
-11.712004
-11.712409
-11.71197
-11.712294
-11.71136
-11.710118
-11.710595
-11.712337
-11.712997
-11.716377
-11.717071
-11.717407
-11.718529
-11.721004
-11.723288
-11.723356
-11.72485
-11.726028
-11.727219
-11.730029
-11.731634
-11.732283
-11.7339735
-11.734965
-11.738867
-11.739657
-11.73966
-11.742817
-11.745591
-11.747722
-11.7506895
-11.753722
-11.755924
-11.758693
-11.761862
-11.763798
-11.766659
-11.766403
-11.77024
-11.772082
-11.773292
-11.776424
-11.782314
-11.784741
-11.788418
-11.791024
-11.795384
-11.795331
-11.799592
-11.803177
-11.807051
-11.807296
-11.811972
-11.815433
-11.81902
-11.82068
-11.824232
-11.826741
-11.825869
-11.831149
-11.834829
-11.836594
-11.840394
-11.840636
-11.844469
-11.849187
-11.849037
-11.852293
-11.852096
-11.850545
-11.850834
-11.8487625
-11.8513775
-11.851656
-11.851489
-11.855544
-11.857017
-11.858746
-11.861754
-11.858069
-11.860498
-11.860684
-11.859906
-11.86271
-11.86237
-11.861626
-11.864747
-11.862473
-11.861898
-11.863788
-11.863734
-11.864725
-11.860963
-11.863393
-11.861863
-11.858758
-11.859453
-11.856406
-11.8582115
-11.856182
-11.85692
-11.859326
-11.855753
-11.854162
-11.853563
-11.849868
-11.852988
-11.850616
-11.848559
-11.846121
-11.844372
-11.844794
-11.845386
-11.844729
-11.842761
-11.841997
-11.840229
-11.84051
-11.8359165
-11.833361
-11.831866
-11.831101
-11.82903
-11.8279295
-11.828106
-11.824111
-11.823528
-11.825122
-11.823413
-11.8209505
-11.818183
-11.819055
-11.817202
-11.815023
-11.814661
-11.813982
-11.810553
-11.812229
-11.810844
-11.814473
-11.813618
-11.812188
-11.812638
-11.814544
-11.81364
-11.811609
-11.8112335
-11.812019
-11.810117
-11.810387
-11.810856
-11.810087
-11.810964
-11.811889
-11.812647
-11.810519
-11.810359
-11.812503
-11.81303
-11.815338
-11.814797
-11.816014
-11.818337
-11.819533
-11.820574
-11.819885
-11.821387
-11.821895
-11.824923
-11.826471
-11.826947
-11.828863
-11.83017
-11.831734
-11.834659
-11.837793
-11.838697
-11.839921
-11.84159
-11.843939
-11.845094
-11.8487625
-11.851333
-11.852392
-11.854907
-11.8558445
-11.857573
-11.857403
-11.857102
-11.858586
-11.859188
-11.858789
-11.8599615
-11.865449
-11.867754
-11.870043
-11.870065
-11.872195
-11.876077
-11.880244
-11.880393
-11.878423
-11.879365
-11.882668
-11.884528
-11.886721
-11.88764
-11.89014
-11.888788
-11.890642
-11.891618
-11.890319
-11.892499
-11.893868
-11.892866
-11.895198
-11.89602
-11.897355
-11.897032
-11.897555
-11.898405
-11.898145
-11.89813
-11.897009
-11.895377
-11.894183
-11.894973
-11.895967
-11.894922
-11.895136
-11.892773
-11.89171
-11.891993
-11.890432
-11.889379
-11.887542
-11.885267
-11.88417
-11.883038
-11.881179
-11.881591
-11.879882
-11.8769045
-11.875149
-11.87489
-11.871974
-11.869156
-11.868624
-11.868961
-11.8647785
-11.862422
-11.859959
-11.858003
-11.856519
-11.854059
-11.85109
-11.848802
-11.846887
-11.844741
-11.841813
-11.839019
-11.837481
-11.835562
-11.833882
-11.831238
-11.828673
-11.824717
-11.820853
-11.8187
-11.814264
-11.812227
-11.811331
-11.8111
-11.808179
-11.806891
-11.804791
-11.802474
-11.800656
-11.798424
-11.79398
-11.794063
-11.79148
-11.79114
-11.785671
-11.7851515
-11.7840605
-11.781049
-11.779258
-11.776632
-11.77472
-11.771176
-11.768064
-11.766994
-11.7644
-11.762202
-11.760935
-11.759021
-11.754603
-11.7512665
-11.750254
-11.746742
-11.743269
-11.741667
-11.741624
-11.739141
-11.73809
-11.739253
-11.735702
-11.732587
-11.729564
-11.728723
-11.72754
-11.726276
-11.7272
-11.724961
-11.7250805
-11.725442
-11.72604
-11.72541
-11.726054
-11.724278
-11.724885
-11.724382
-11.724346
-11.724531
-11.725258
-11.724595
-11.72466
-11.723042
-11.723401
-11.724461
-11.723242
-11.723913
-11.723854
-11.72461
-11.72536
-11.726146
-11.728282
-11.729639
-11.729382
-11.730426
-11.732471
-11.734221
-11.735093
-11.736959
-11.737138
-11.737611
-11.739228
-11.741042
-11.740914
-11.740551
-11.742663
-11.7426
-11.744231
-11.742562
-11.743089
-11.74494
-11.747489
-11.747727
-11.746799
-11.747281
-11.746772
-11.74637
-11.748921
-11.746719
-11.746562
-11.745917
-11.746926
-11.747369
-11.745941
-11.743867
-11.743439
-11.742904
-11.7425375
-11.74048
-11.741291
-11.735482
-11.735418
-11.730729
-11.729729
-11.7264595
-11.72541
-11.721574
-11.719209
-11.717873
-11.717624
-11.716848
-11.71831
-11.715153
-11.715241
-11.712972
-11.7111
-11.709952
-11.707879
-11.706611
-11.705029
-11.701816
-11.700119
-11.697819
-11.69648
-11.695185
-11.694944
-11.6929245
-11.69127
-11.689557
-11.688395
-11.686132
-11.685231
-11.684928
-11.682237
-11.6799755
-11.678868
-11.677884
-11.677055
-11.674508
-11.673688
-11.674233
-11.672882
-11.673446
-11.671599
-11.6703205
-11.67081
-11.670439
-11.670513
-11.67057
-11.670168
-11.669975
-11.670007
-11.667335
-11.669317
-11.667995
-11.666985
-11.666282
-11.665597
-11.66462
-11.665974
-11.666121
-11.665757
-11.665833
-11.666084
-11.6669655
-11.665549
-11.667426
-11.666925
-11.668108
-11.667761
-11.668517
-11.669673
-11.66904
-11.668467
-11.669364
-11.670939
-11.6696205
-11.670898
-11.672793
-11.674608
-11.674849
-11.677354
-11.67912
-11.680162
-11.681317
-11.68208
-11.6812525
-11.683198
-11.684291
-11.685265
-11.687863
-11.688673
-11.688227
-11.689009
-11.689151
-11.69023
-11.690238
-11.691851
-11.692199
-11.692629
-11.692811
-11.694067
-11.695724
-11.697518
-11.697517
-11.696753
-11.697769
-11.698909
-11.701819
-11.70297
-11.702458
-11.704727
-11.704593
-11.704422
-11.704832
-11.703989
-11.703582
-11.702421
-11.703225
-11.705177
-11.705376
-11.7057295
-11.705469
-11.706119
-11.708024
-11.705435
-11.7053585
-11.704547
-11.703408
-11.705095
-11.704464
-11.704122
-11.704067
-11.701023
-11.700717
-11.699965
-11.698284
-11.696655
-11.695889
-11.695389
-11.693322
-11.691801
-11.689099
-11.687952
-11.686929
-11.682672
-11.680282
-11.679565
-11.677003
-11.676525
-11.673335
-11.671844
-11.670062
-11.667831
-11.665984
-11.663728
-11.662189
-11.659062
-11.656956
-11.653219
-11.651903
-11.648396
-11.643258
-11.641829
-11.640786
-11.6392565
-11.637616
-11.637272
-11.634691
-11.632114
-11.62848
-11.625203
-11.621847
-11.617991
-11.615149
-11.612405
-11.611788
-11.608881
-11.607082
-11.60575
-11.602992
-11.602623
-11.600134
-11.597094
-11.596552
-11.595544
-11.594281
-11.592762
-11.589344
-11.588078
-11.586462
-11.585579
-11.584157
-11.582725
-11.582269
-11.578615
-11.577276
-11.575469
-11.572658
-11.571362
-11.570013
-11.568814
-11.568763
-11.566806
-11.565269
-11.564978
-11.565498
-11.563489
-11.564526
-11.565176
-11.5637
-11.564101
-11.562169
-11.561686
-11.56057
-11.560327
-11.559871
-11.560447
-11.558657
-11.559101
-11.559361
-11.55953
-11.559308
-11.560274
-11.559985
-11.561078
-11.560237
-11.560962
-11.561863
-11.560871
-11.561963
-11.562828
-11.562222
-11.561844
-11.560899
-11.563391
-11.561306
-11.56252
-11.564006
-11.56561
-11.566277
-11.5658865
-11.568071
-11.570316
-11.573689
-11.57561
-11.575349
-11.577259
-11.578803
-11.579933
-11.584753
-11.585332
-11.587243
-11.587966
-11.589789
-11.591816
-11.593455
-11.594396
-11.595291
-11.595873
-11.596491
-11.598486
-11.60059
-11.601862
-11.602295
-11.60272
-11.60289
-11.603376
-11.6048565
-11.605026
-11.605261
-11.606269
-11.609474
-11.612412
-11.613453
-11.614099
-11.615637
-11.614485
-11.618176
-11.620428
-11.620879
-11.620151
-11.622103
-11.62358
-11.624596
-11.62558
-11.625418
-11.624351
-11.6229315
-11.6209135
-11.621899
-11.62287
-11.623483
-11.62505
-11.626472
-11.625713
-11.626852
-11.627838
-11.628213
-11.629487
-11.629432
-11.62785
-11.628383
-11.627986
-11.627571
-11.630334
-11.6308775
-11.6313305
-11.632121
-11.635486
-11.641193
-11.643596
-11.643002
-11.642976
-11.642596
-11.643466
-11.649628
-11.654029
-11.653394
-11.654731
-11.654808
-11.658512
-11.661493
-11.666502
-11.668983
-11.670647
-11.670357
-11.672438
-11.673095
-11.675471
-11.676207
-11.679391
-11.681106
-11.681277
-11.682721
-11.684033
-11.687594
-11.688839
-11.691466
-11.692861
-11.695797
-11.697638
-11.698089
-11.700344
-11.703038
-11.70276
-11.706861
-11.710724
-11.710267
-11.711822
-11.712468
-11.712948
-11.714759
-11.716198
-11.718011
-11.717798
-11.71942
-11.720846
-11.72499
-11.727295
-11.730768
-11.733829
-11.736716
-11.73856
-11.740808
-11.742915
-11.74585
-11.747347
-11.75011
-11.753659
-11.755451
-11.758549
-11.760023
-11.763344
-11.765518
-11.766981
-11.769063
-11.770423
-11.773148
-11.775485
-11.778836
-11.78094
-11.783561
-11.785558
-11.786487
-11.787685
-11.790798
-11.79311
-11.794781
-11.795548
-11.795931
-11.799783
-11.803228
-11.805315
-11.806678
-11.8055935
-11.810262
-11.80858
-11.811313
-11.812052
-11.813776
-11.816088
-11.816039
-11.817664
-11.8195505
-11.820549
-11.822746
-11.823439
-11.825552
-11.826017
-11.828579
-11.829576
-11.832003
-11.834186
-11.83502
-11.834988
-11.835628
-11.837176
-11.838575
-11.837412
-11.838628
-11.837984
-11.839866
